 
T1d
max =  1.56190273163923
min =  -0.238235926994096
T2d
max =  1.27092749850274
min =  -0.371090590197793
